100 4  
******Output from Iris Data Set*****
Accuracy = 98.0 
Percision = 94.11764705882352 
Recall = 100.0 

100 2 
******Output from IrisPC Data Set*****
Accuracy = 90.0
Percision = 78.94736842105263
Recall = 93.75 



14 4
******Output from Buy Data Set*****
Accuracy = 50.0
Percision = 50.0
Recall = 100.0